2.2	0	0.56472	1.0686	6.6439	
2.1	0	0.59161	1.1215	6.9107	
2.05	0	0.60604	1.3055	7.0855	
2	0	0.62119	1.4011	7.2085	
1.95	0	0.63712	1.5068	7.3668	
1.9	0	0.65389	1.6281	7.4934	
1.85	0	0.67156	1.7758	7.6586	
1.8	0	0.69022	1.9419	7.8276	
1.75	0	0.70994	2.1306	8.0025	
1.7	0	0.73082	2.3368	8.1523	
1.65	0	0.75296	2.5745	8.254	
1.6	0	0.77649	2.8732	8.2313	
1.55	0	0.80154	3.0395	8.077	
1.5	0	0.82826	2.94	7.7552	
1.45	0	0.85682	2.5298	7.6092	
1.4	0	0.88742	2.1355	7.7499	
1.35	0	0.92029	1.8176	8.1427	
1.3	0	0.95568	1.5768	8.6883	
1.25	0	0.99391	1.4142	9.1924	
1.2	0	1.0353	1.3151	9.7329	
1.15	0	1.0803	1.2497	10.3229	
1.1	0	1.1294	1.2264	10.886	
1.05	0	1.1832	1.2247	11.5542	
1	0	1.2424	1.2512	12.1887	
0.95	0	1.3078	1.2974	12.9106	
0.9	0	1.3804	1.3463	13.7045	
0.85	0	1.4616	1.4284	14.5272	
0.8	0	1.553	1.5	15.5	
0.75	0	1.6565	1.59	16.4781	
0.7	0	1.7748	1.7549	17.7505	
0.65	0	1.9114	1.99	19.8	
0.6199	0	2.0042	2.15	20.7	
0.6	0	2.0706	2.27	21.4	
0.55	0	2.2589	2.62	23.3	
0.5	0	2.4848	3.07	25.6	
0.45	0	2.7609	3.68	28.3	
0.4133	0	3.006	4.24	30.6	
0.4	0	3.106	4.45	31.5	
0.375	0	3.313	4.88	33.4	
0.35	0	3.5497	5.44	35.6	
