0 0 0.28830 1.74200 1.9000
1 1 0.29520 1.77600 1.9180
2 2 0.30240 1.81200 1.9200
3 3 0.31000 1.83000 1.9160
4 4 0.31790 1.84000 1.9040
5 5 0.32630 1.82400 1.8780
6 6 0.33510 1.79800 1.8460
7 7 0.34440 1.76600 1.8480
8 8 0.35420 1.74000 1.8620
9 9 0.36470 1.71600 1.9060
10 10 0.37570 1.69600 1.9360
11 11 0.38750 1.67400 1.9560
12 12 0.40000 1.65800 1.9580
13 13 0.41330 1.63600 1.9400
14 14 0.42750 1.61600 1.9040
15 15 0.44280 1.56200 1.8460
16 16 0.45920 1.42600 1.7960
17 17 0.47690 1.24200 1.8400
18 18 0.49590 0.91600 2.1200
19 19 0.51660 0.60800 2.5400
20 20 0.53910 0.40200 2.88
21 21 0.65260 0.16600 3.15
22 22 0.68880 0.16000 3.8
23 23 0.72930 0.16400 4.35
24 24 0.77490 0.17400 4.86
25 25 0.82660 0.18800 5.39
26 26 0.88560 0.21000 5.88
27 27 0.95370 0.23600 6.47
28 28 1.03300 0.27200 7.07
29 29 1.12700 0.31200 7.93
30 30 1.24000 0.37200 8.77
31 31 1.26500 0.38900 8.09
32 32 1.29100 0.40300 8.25
33 33 1.31900 0.41900 8.42
34 34 1.38400 0.43600 8.59
35 35 1.37800 0.45400 8.77
36 36 1.41 0.47300 8.96
37 37 1.44 0.49300 9.15
38 38 1.48 0.51500 9.36
39 39 1.51 0.53700 9.58
40 40 1.55 0.55900 9.81
41 41 1.59 0.58300 10.1
42 42 1.63 0.60900 10.3
43 43 1.68 0.63600 10.6
44 44 1.72 0.66500 10.9
45 45 1.77 0.69600 11.2
46 46 1.82 0.73000 11.5
47 47 1.88 0.76700 11.9
0.64 5162 1.94 0.80700 12.2
0.62 5001 2 0.85000 12.6
0.6 4839 2.07 0.89600 13
0.58 4678 2.14 0.94700 13.4
0.56 4517 2.21 1.00200 13.9
0.54 4355 2.3 1.06300 14.4
0.52 4194 2.38 1.13000 14.9
0.5 4033 2.48 1.20500 15.5
0.48 3871 2.58 1.28700 16.1
0.46 3710 2.7 1.37900 16.8
0.44 3549 2.82 1.48200 17.5
0.42 3388 2.95 1.59800 18.3
0.4 3226 3.1 1.72800 19.2
0.39 3146 3.18 1.80000 19.7
0.38 3065 3.26 1.87600 20.2
0.37 2984 3.35 1.95800 20.7
0.36 2904 3.44 2.04600 21.3
0.35 2823 3.54 2.14100 21.9
0.34 2742 2.65 2.24200 22.5
0.33 2662 3.76 2.35200 23.1
0.32 2581 3.88 2.47100 23.9
0.31 2500 4 2.60000 24.6
0.3 2420 4.13 2.74900 25.4
0.29 2339 4.28 2.91200 26.3
0.28 2258 4.43 3.09100 27.2
0.27 2178 4.59 3.28900 28.2
0.26 2097 4.77 3.50700 29.3
0.25 2016 4.96 3.74800 30.5
0.24 1936 5.17 4.00700 31.7
0.23 1855 5.39 4.29200 32.9
0.22 1774 5.64 4.61100 34.3
0.21 1694 5.9 4.97100 35.9
0.2 1613 6.2 5.42300 37.5
0.2 1573 6.36 5.68400 38.3
0.19 1532 6.53 5.96600 39.1
0.19 1492 6.7 6.27000 40.1
0.18 1452 6.89 6.59800 41
0.18 1411 7.09 6.93700 42
0.17 1371 7.29 7.28200 43
0.17 1331 7.51 7.65500 44.1
0.16 1290 7.75 8.06000 45.2
0.16 1250 8 8.50000 46.4
0.15 1210 8.27 9.01600 47.6
0.14 1129 8.86 10.21000 50.2
0.14 1089 9.18 10.84000 51.6
0.13 1049 9.54 11.51000 53.1
0.13 1008 9.92 12.24000 54.7
