3.2 25810 0.3874 1.18 2.21
3.0 24200 0.4133 1.18 2.21
2.8 22580 0.4428 1.17 2.36
2.6 20970 0.4768 1.15 2.50
2.4 19360 0.5166 1.12 2.60
2.3 18550 0.5390 1.04 2.59
2.2 17740 0.5635 0.826 2.60
2.1 16940 0.5904 0.468 2.81
2.0 16130 0.6199 0.272 3.24
1.9 15320 0.6525 0.214 3.67
1.85 14920 0.6702 0.215 3.86
1.80 14520 0.688 0.213 4.05
1.75 14110 0.7084 0.214 4.24
1.70 13710 0.7293 0.223 4.43
1.50 12100 0.8265 0.260 5.26
1.00 8065 1.240 0.433 8.46
0.98 7904 1.265 0.496 6.78 
0.96 7743 1.291 0.505 6.92
0.94 7582 1.319 0.515 7.06
0.92 7420 1.348 0.525 7.21
0.90 7259 1.378 0.536 7.36
0.88 7098 1.409 0.547 7.53
0.86 6937 1.442 0.559 7.70
0.84 6775 1.476 0.572 7.88
0.82 6614 1.512 0.586 8.06
0.80 6453 1.550 0.606 8.26
0.78 6291 1.589 0.627 8.47
0.76 6130 1.631 0.649 8.69
0.74 5969 1.675 0.672 8.92
0.72 5807 1.722 0.697 9.16
0.70 5646 1.771 0.723 9.41
0.68 5485 1.823 0.752 9.68
0.66 5323 1.878 0.782 9.97
0.64 5162 1.937 0.815 10.3
0.62 5001 2.000 0.850 10.6
0.60 4839 2.066 0.890 11.0
0.58 4678 2.138 0.933 11.3
0.56 4517 2.214 0.980 11.8
0.54 4355 2.296 1.03 12.2
0.52 4194 2.384 1.09 12.7
0.50 4033 2.480 1.15 13.2
0.48 3872 2.583 1.22 13.7
0.46 3710 2.695 1.29 14.4
0.44 3549 2.818 1.37 15.0
0.42 3388 2.952 1.47 15.7
0.40 3226 3.100 1.59 16.5
0.38 3065 3.263 1.73 17.4
0.36 2904 3.444 1.90 18.4
0.34 2742 3.646 2.09 19.6
0.32 2581 3.874 2.32 20.8
0.30 2420 4.133 2.59 22.2
0.28 2258 4.428 2.92 23.7
0.26 2097 4.768 3.32 25.4
0.24 1936 5.166 3.81 27.5
