3.65	29440	0.34	0.26	1.12
3.6	29040	0.34	0.24	1.24
3.5	28230	0.35	0.21	1.44
3.4	27420	0.36	0.19	1.61
3.3	26620	0.38	0.2	1.67
3.2	25810	0.39	0.19	1.81
3.1	25000	0.4	0.17	1.95
3	24200	0.41	0.17	2.11
2.9	23390	0.43	0.16	2.26
2.800	22580.000	0.443	0.157	2.400
2.700	21780.000	0.459	0.144	2.560
2.600	20970.000	0.477	0.132	2.720
2.500	20160.000	0.496	0.130	2.880
2.400	19360.000	0.517	0.130	3.070
2.300	18550.000	0.539	0.129	3.250
2.200	17740.000	0.564	0.120	3.450
2.100	16940.000	0.590	0.121	3.660
2.000	16130.000	0.620	0.131	3.880
1.900	15320.000	0.653	0.140	4.150
1.800	14520.000	0.689	0.140	4.440
1.700	13710.000	0.729	0.148	4.740
1.600	12900.000	0.775	0.143	5.090
1.500	12100.000	0.827	0.145	5.500
1.400	11290.000	0.886	0.163	5.950
1.300	10490.000	0.954	0.198	6.430
1.200	9679.000	1.033	0.226	6.990
1.100	8872.000	1.127	0.251	7.670
1.000	8065.000	1.240	0.329	8.490
0.980	7904.000	1.265	0.375	7.780
0.960	7743.000	1.291	0.383	7.920
0.940	7582.000	1.319	0.392	8.060
0.920	7420.000	1.348	0.401	8.210
0.900	7259.000	1.378	0.411	8.370
0.880	7098.000	1.409	0.421	8.370
0.860	6936.000	1.442	0.431	8.700
0.840	6775.000	1.476	0.442	8.880
0.820	6614.000	1.512	0.455	9.080
0.800	6452.000	1.550	0.469	9.320
0.780	6291.000	1.590	0.485	9.570
0.760	6130.000	1.631	0.501	9.840
0.740	5968.000	1.675	0.519	10.100
0.720	5807.000	1.722	0.537	10.400
0.700	5646.000	1.771	0.557	10.700
0.680	5485.000	1.823	0.578	11.100
0.660	5323.000	1.879	0.600	11.400
0.640	5162.000	1.937	0.624	11.800
0.620	5001.000	2.000	0.650	12.200
0.580	4678.000	2.138	0.729	13.000
0.560	4517.000	2.214	0.774	13.500
0.540	4355.000	2.296	0.823	14.000
0.520	4194.000	2.384	0.878	14.500
0.500	4033.000	2.480	0.939	15.100
0.480	3871.000	2.583	1.007	15.700
0.460	3710.000	2.695	1.083	16.400
0.440	3549.000	2.818	1.168	17.100
0.420	3388.000	2.952	1.265	17.900
0.400	3226.000	3.100	1.387	18.800
0.380	3065.000	3.263	1.536	19.800
0.360	2904.000	3.444	1.710	20.900
0.340	2742.000	3.647	1.915	22.100
0.320	2581.000	3.875	2.160	23.500
0.300	2420.000	4.133	2.446	25.100
0.280	2258.000	4.428	2.786	26.900
0.260	2097.000	4.769	3.202	29.000
0.240	1936.000	5.166	3.732	31.300
0.220	1774.000	5.636	4.425	34.000
0.200	1631.000	6.199	5.355	37.000
0.190	1532.000	6.526	5.960	38.600
0.180	1452.000	6.888	6.670	40.400
0.170	1371.000	7.293	7.461	42.500
0.160	1290.000	7.749	8.376	44.800
0.150	1210.000	8.266	9.441	47.100
0.140	1129.000	8.856	10.690	49.400
0.130	1049.000	9.537	12.210	52.200
0.125	1008.000	9.919	13.110	53.700

