0.3500	0.0000	0.0000	5.44	35.6
0.3750	0.0000	0.0000	4.88	33.4
0.4000	0.0000	0.0000	4.45	31.5
0.4133	0.0000	0.0000	4.24	30.6
0.4500	0.0000	0.0000	3.68	28.3
0.5000	0.0000	0.0000	3.07	25.6
0.5500	0.0000	0.0000	2.62	23.3
0.6000	0.0000	0.0000	2.27	21.4
0.6199	0.0000	0.0000	2.15	20.7
0.6500	0.0000	0.0000	1.99	19.8
0.7000	312.0000	62.3000	0	0
0.7500	269.0000	52.4000	0	0
0.8000	238.0000	46.5000	0	0
0.8500	209.0000	41.5000	0	0
0.9000	186.0000	36.9000	0	0
0.9500	165.0000	33.5000	0	0
1.0000	147.0000	30.5000	0	0
1.0500	132.0000	28.3000	0	0
1.1000	117.0000	26.7000	0	0
1.1500	105.0000	25.8000	0	0
1.2000	93.0000	25.6000	0	0
1.2500	82.5000	26.0000	0	0
1.3000	73.0000	27.4000	0	0
1.3500	63.0000	29.6000	0	0
1.4000	55.5000	33.1000	0	0
1.4500	51.5000	38.5000	0	0
1.5000	51.5000	45.6000	0	0
1.5500	56.0000	49.1000	0	0
1.6000	59.5000	47.3000	0	0
1.6500	61.5000	42.5000	0	0
1.7000	61.0000	38.1000	0	0
1.7500	59.5000	34.1000	0	0
1.8000	57.5000	30.4000	0	0
1.8500	55.5000	27.2000	0	0
1.9000	53.5000	24.4000	0	0
1.9500	52.0000	22.2000	0	0
2.0000	50.0000	20.2000	0	0
2.0500	48.5000	18.5000	0	0
2.1000	46.5000	15.5000	0	0
2.2000	43.0000	14.2000	0	0



