0	0	0.23	0.93	1.8
1	1	0.23	0.9	1.83
2	2	0.24	0.87	1.87
3	3	0.24	0.86	1.94
4	4	0.25	0.85	2.01
5	5	0.25	0.86	2.07
6	6	0.26	0.86	2.13
7	7	0.26	0.86	2.21
8	8	0.27	0.88	2.28
9	9	0.28	0.89	2.35
10	10	0.28	0.9	2.42
11	11	0.29	0.91	2.49
12	12	0.29	0.94	2.58
13	13	0.3	0.98	2.67
14	14	0.31	1.02	2.76
15	15	0.32	1.06	2.85
16	16	0.32	1.12	2.95
17	17	0.33	1.18	3.04
18	18	0.34	1.26	3.12
19	19	0.35	1.33	3.18
20	20	0.36	1.39	3.24
21	21	0.37	1.43	3.31
22	22	0.39	1.44	3.4
23	23	0.4	1.48	3.54
24	24	0.41	1.54	3.71
25	25	0.42	1.65	3.89
26	26	0.44	1.8	4.06
27	27	0.46	1.99	4.22
28	28	0.47	2.22	4.36
29	29	0.49	2.49	4.44
30	30	0.51	2.75	4.46
31	31	0.53	2.98	4.45
32	32	0.56	3.18	4.41
33	33	0.58	3.34	4.38
34	34	0.61	3.48	4.36
35	35	0.7	3.84	4.37
36	36	0.82	4.23	4.34
37	37	0.83	4.27	4.33
38	38	0.85	4.31	4.32
39	39	0.86	4.33	4.32
40	40	0.89	4.38	4.31
41	41	0.91	4.42	4.3
42	42	0.94	4.47	4.29
43	43	0.97	4.49	4.28
44	44	1	4.5	4.28
1.2	9679	1.03	4.52	4.29
1.16	9356	1.07	4.53	4.3
1.12	9033	1.11	4.53	4.31
1.08	8711	1.15	4.53	4.34
1.04	8388	1.19	4.51	4.36
1	8065	1.24	4.47	4.43
0.96	7743	1.29	4.47	4.5
0.92	7420	1.35	4.45	4.56
0.9	7259	1.38	4.43	4.6
0.86	6936	1.44	4.35	4.66
0.82	6614	1.51	4.24	4.81
0.78	6291	1.59	4.13	5.03
0.74	5968	1.68	4.06	5.3
0.7	5646	1.77	4.01	5.59
0.66	5323	1.88	3.96	5.95
0.62	5001	2	4.01	6.31
0.58	4678	2.14	4.01	6.65
0.54	4355	2.3	3.92	7.06
0.5	4033	2.48	3.83	7.58
0.46	3710	2.7	3.72	8.2
0.42	3388	2.95	3.47	8.97

