4.959 40000 0.250 0.70 4E-02
4.862 39216 0.255 0.68 4E-02
4.769 38462 0.260 0.66 4E-02
4.679 37736 0.265 0.64 4E-02
4.592 37037 0.270 0.61 5E-02
4.509 36364 0.275 0.58 5E-02
4.428 35714 0.280 0.55 5E-02
4.350 35088 0.285 0.52 5E-02
4.275 34483 0.290 0.48 6E-02
4.203 33898 0.295 0.45 6E-02
4.133 33333 0.300 0.41 7E-02
4.065 32787 0.305 0.38 7E-02
4.000 32258 0.310 0.34 8E-02
3.97 32020 0.3123 0.287 9.10E-02 
3.71 29923 0.3342 8.9E-02 0.288
3.40 27423 0.3647 5.2E-02 0.549
3.06 24680 0.4052 4.1E-02 0.799
2.95 23793 0.4203 4.1E-02 0.898
2.82 22745 0.4397 4.3E-02 1.02
2.64 21293 0.4696 4.3E-02 1.14
2.45 19760 0.5061 4.6E-02 1.28
2.27 18309 0.5462 4.9E-02 1.43
2.07 16696 0.5990 5.3E-02 1.62
1.87 15082 0.6630 5.0E-02 1.84
1.65 13308 0.7514 4.4E-02 2.19
1.44 11614 0.8610 4.0E-02 2.56
1.23 9921 1.008 4.0E-02 3.04
1.05 8469 1.181 4.4E-02 3.58
0.92 7420 1.348 5.6E-02 4.19
0.81 6533 1.531 6.6E-02 4.75
0.73 5889 1.698 7.9E-02 5.30
0.67 5404 1.851 9.1E-02 5.79
0.63 5081 1.968 0.106 6.32
0.58 4678 2.138 0.119 6.72
0.55 4436 2.254 0.139 7.10
