0	0	0.46	1.87	3.2
1	1	0.48	1.91	3.3
2	2	0.5	1.96	3.42
3	3	0.52	2.03	3.54
4	4	0.54	2.1	3.67
5	5	0.56	2.17	3.77
6	6	0.59	2.23	3.92
7	7	0.62	2.3	4.07
8	8	0.65	2.38	4.26
9	9	0.69	2.51	4.43
10	10	0.73	2.63	4.63
11	11	0.77	2.76	4.84
12	12	0.83	2.92	5.07
13	13	0.89	3.1	5.32
14	14	0.95	3.29	5.61
15	15	1.03	3.55	5.92
16	16	1.08	3.7	6.08
17	17	1.13	3.86	6.24
18	18	1.18	4.03	6.44
19	19	1.24	4.25	6.62
20	20	1.31	4.5	6.77
21	21	1.38	4.77	6.91
22	22	1.41	4.91	6.95
23	23	1.46	5.05	6.98
24	24	1.51	5.17	7.01
25	25	1.55	5.31	7.04
26	26	1.61	5.44	7.04
27	27	1.65	5.57	7.02
28	28	1.7	5.67	6.95
29	29	1.77	5.71	6.83
30	30	1.82	5.66	6.73
31	31	1.91	5.52	6.66
32	32	1.97	5.34	6.7
33	33	2.07	5.13	6.75
34	34	2.18	4.86	6.89
35	35	2.25	4.58	7.14
36	36	2.38	4.3	7.4
37	37	2.46	3.91	7.71
38	38	2.64	3.36	8.4
39	39	2.76	3.03	9.31
40	40	2.88	2.92	10.3
41	41	3.1	2.81	11.4
42	42	3.26	3.03	12.5
43	43	3.54	3.28	13.7
44	44	3.88	3.57	14.9
45	45	4.13	3.92	16.2
46	46	4.43	4.24	17.7
47	47	4.96	4.7	19.4
48	48	5.64	5.24	21.5
49	49	6.2	5.9	24
50	50	7.29	6.78	27.2
51	51	8.27	8.18	31.2
52	52	9.54	9.91	36.7
53	53	12.4	13.2	44.7

