0.0000	29440.0000	0.3397	3.0900	2.6500
1.0000	29040.0000	0.3444	3.1300	2.6700
2.0000	28630.0000	0.3493	3.1800	2.6900
3.0000	28230.0000	0.3542	3.2400	2.7000
4.0000	27830.0000	0.3594	3.3200	2.7000
5.0000	27420.0000	0.3647	3.3900	2.6600
6.0000	27020.0000	0.3701	3.4300	2.6000
7.0000	26620.0000	0.3757	3.4500	2.5500
8.0000	26210.0000	0.3815	3.4500	2.4900
9.0000	25810.0000	0.3875	3.4300	2.4500
10.0000	25410.0000	0.3936	3.4100	2.4300
11.0000	25000.0000	0.4000	3.3900	2.4100
12.0000	24600.0000	0.4065	3.3700	2.4200
13.0000	24200.0000	0.4133	3.3500	2.4200
14.0000	23790.0000	0.4203	3.3300	2.4300
15.0000	23390.0000	0.4275	3.3200	2.4500
16.0000	22990.0000	0.4350	3.3100	2.4700
17.0000	22580.0000	0.4428	3.3000	2.4900
18.0000	22180.0000	0.4509	3.3100	2.5300
19.0000	21780.0000	0.4592	3.3100	2.5500
20.0000	21370.0000	0.4679	3.3200	2.5900
21.0000	20970.0000	0.4769	3.3400	2.6200
22.0000	20570.0000	0.4862	3.3500	2.6400
23.0000	20160.0000	0.4959	3.3800	2.6800
24.0000	19760.0000	0.5061	3.4200	2.7100
25.0000	19360.0000	0.5166	3.4500	2.7200
26.0000	18950.0000	0.5276	3.4800	2.7200
27.0000	18550.0000	0.5391	3.5000	2.7200
28.0000	18150.0000	0.5510	3.5000	2.7300
29.0000	17740.0000	0.5636	3.4900	2.7500
30.0000	17340.0000	0.5767	3.5100	2.8100
31.0000	16940.0000	0.5904	3.5400	2.8400
32.0000	16530.0000	0.6048	3.5700	2.8600
33.0000	16130.0000	0.6199	3.6000	2.8900
34.0000	15730.0000	0.6358	3.6500	2.9200
35.0000	15320.0000	0.6526	3.7000	2.9400
36.0000	14920.0000	0.6702	3.7600	2.9500
37.0000	14520.0000	0.6888	3.8200	2.9100
38.0000	14110.0000	0.7085	3.8500	2.8600
39.0000	13710.0000	0.7293	3.8400	2.7800
40.0000	13310.0000	0.7514	3.7800	2.7200
41.0000	12900.0000	0.7749	3.6700	2.6800
42.0000	12500.0000	0.7999	3.5600	2.7300
43.0000	12100.0000	0.8266	3.4800	2.7900
44.0000	11690.0000	0.8551	3.3800	2.8500
45.0000	11290.0000	0.8856	3.2900	2.96
46.0000	10900.0000	0.9184	3.2000	3.0700
47.0000	10490.0000	0.9537	3.1200	3.2400
48.0000	10080.0000	0.9919	3.0500	3.3900
49.0000	9679.0000	1.0330	3.0000	3.64
50.0000	9275.0000	1.0780	3.0200	3.8300
51.0000	8872.0000	1.1270	3.0500	4.0400
52.0000	8469.0000	1.1810	3.1100	4.1900
53.0000	8065.0000	1.2400	3.1400	4.3200
0.9800	7904.0000	1.2650	3.1500	4.3600
0.9600	7743.0000	1.2910	3.1500	4.4100
0.9400	7582.0000	1.3190	3.1500	4.4300
0.9200	7420.0000	1.3480	3.1400	4.4500
0.9000	7259.0000	1.3780	3.1100	4.4400
0.8800	7098.0000	1.4090	3.0500	4.4200
0.8700	7017.0000	1.4250	3.0000	4.3900
0.8600	6936.0000	1.4420	2.9200	4.3700
0.8500	6856.0000	1.4590	2.8000	4.3300
0.8400	6775.0000	1.4760	2.6200	4.3700
0.8300	6694.0000	1.4940	2.4700	4.4700
0.8200	6614.0000	1.5120	2.3600	4.6100
0.8000	6452.0000	1.5500	2.2200	4.8500
0.7800	6291.0000	1.5900	2.1200	5.0500
0.7600	6131.0000	1.6300	1.9700	5.2700
0.7400	5969.0000	1.6750	1.8300	5.5200
0.7200	5807.0000	1.7220	1.7000	5.8100
0.7000	5646.0000	1.7710	1.5900	6.1300
0.6800	5485.0000	1.8230	1.5200	6.4500
0.6600	5323.0000	1.8790	1.4500	6.7800
0.6400	5162.0000	1.9370	1.3600	7.1400
0.6200	5001.0000	2.0000	1.2800	7.5200
0.6000	4839.0000	2.0660	1.2100	7.9600
0.5800	4678.0000	2.1380	1.1800	8.4400
0.5600	4517.0000	2.2140	1.2000	8.9400
0.5400	4355.0000	2.2960	1.2300	9.4500
0.5200	4194.0000	2.3840	1.3000	9.9800

